1 965 1
1 103 1
5 1191 1
11 233 1
14 651 1
14 882 1
14 1238 1
15 300 1
15 508 1
17 1184 1
19 1440 1
19 1184 1
25 1178 1
25 59 1
26 73 1
28 964 1
28 297 1
28 1105 1
28 1397 1
28 435 1
28 891 1
28 1060 1
28 1349 1
28 988 1
28 1434 1
28 402 1
28 545 1
28 1158 1
28 1146 1
28 508 1
28 968 1
28 128 1
28 1480 1
28 567 1
28 715 1
28 187 1
28 627 1
34 1376 1
34 636 1
35 319 1
35 1228 1
37 482 1
37 271 1
37 794 1
46 1032 1
50 1405 1
56 238 1
57 964 1
59 25 1
59 732 1
59 774 1
60 181 1
60 262 1
62 1173 1
62 408 1
62 1273 1
65 1146 1
73 26 1
77 290 1
78 1152 1
78 738 1
78 1071 1
78 1248 1
78 187 1
78 314 1
78 425 1
78 354 1
78 862 1
78 841 1
78 781 1
78 281 1
79 508 1
79 682 1
79 1186 1
79 627 1
79 964 1
82 207 1
84 1054 1
85 42 1
87 861 1
88 128 1
88 402 1
88 508 1
88 409 1
88 297 1
88 1286 1
88 627 1
89 108 1
93 1494 1
94 1251 1
94 1291 1
94 1231 1
94 1020 1
94 95 1
95 94 1
98 187 1
98 711 1
102 1504 1
102 367 1
108 1414 1
108 498 1
109 1490 1
113 508 1
113 1343 1
115 737 1
115 552 1
119 508 1
119 627 1
128 297 1
128 1159 1
128 1413 1
128 28 1
128 88 1
134 435 1
140 964 1
142 513 1
142 1206 1
145 22 1
145 263 1
145 1354 1
148 342 1
153 1287 1
153 897 1
153 371 1
153 1330 1
153 360 1
153 432 1
153 805 1
160 299 1
160 824 1
160 271 1
160 1297 1
161 1397 1
161 1033 1
162 1434 1
163 643 1
164 583 1
164 498 1
164 1414 1
164 751 1
164 360 1
164 515 1
164 432 1
164 1287 1
165 187 1
166 627 1
167 1215 1
167 629 1
173 871 1
181 262 1
181 60 1
187 1478 1
187 220 1
187 494 1
187 1021 1
187 508 1
187 904 1
187 1419 1
187 715 1
187 590 1
187 311 1
187 964 1
187 165 1
187 1397 1
187 1503 1
187 98 1
187 1360 1
187 401 1
187 988 1
187 477 1
187 28 1
187 781 1
187 1349 1
187 1326 1
187 551 1
187 149 1
187 490 1
187 1105 1
187 396 1
187 78 1
187 627 1
187 1136 1
187 1480 1
187 306 1
187 1434 1
187 435 1
190 1283 1
190 809 1
191 299 1
192 1156 1
195 447 1
198 1042 1
199 506 1
200 1196 1
200 394 1
200 318 1
207 82 1
209 5 1
212 1056 1
214 1199 1
214 1186 1
216 1241 1
219 824 1
220 187 1
220 1419 1
221 937 1
221 577 1
221 314 1
221 272 1
221 781 1
222 508 1
222 1146 1
222 488 1
222 1397 1
222 635 1
226 1207 1
226 447 1
226 456 1
226 344 1
226 195 1
227 717 1
227 1167 1
230 872 1
230 1038 1
231 476 1
237 508 1
239 1186 1
239 776 1
239 917 1
239 488 1
239 545 1
239 682 1
241 1434 1
241 1158 1
243 1077 1
248 983 1
253 297 1
255 1504 1
255 102 1
255 553 1
255 856 1
260 1341 1
260 187 1
260 1503 1
262 181 1
262 60 1
266 508 1
267 435 1
267 1416 1
268 961 1
268 926 1
268 124 1
271 1110 1
271 1130 1
271 299 1
271 570 1
271 1179 1
271 507 1
272 937 1
272 221 1
277 811 1
277 508 1
280 717 1
281 1248 1
281 78 1
281 627 1
281 354 1
281 314 1
281 5 1
281 1354 1
281 187 1
281 738 1
281 781 1
281 1301 1
281 862 1
281 451 1
281 715 1
281 1191 1
283 1287 1
283 1173 1
284 701 1
284 937 1
284 738 1
284 1397 1
284 1480 1
290 77 1
296 508 1
297 128 1
297 435 1
297 964 1
297 508 1
297 968 1
297 1158 1
297 253 1
297 187 1
297 159 1
297 88 1
297 1146 1
297 28 1
297 409 1
297 1397 1
297 1354 1
299 271 1
299 1465 1
299 160 1
299 848 1
299 794 1
299 309 1
299 763 1
299 701 1
299 191 1
299 937 1
300 15 1
303 797 1
304 682 1
305 225 1
305 1211 1
306 904 1
306 187 1
306 1272 1
306 630 1
309 299 1
309 1191 1
311 781 1
311 998 1
311 401 1
311 187 1
311 1347 1
311 281 1
311 425 1
311 857 1
312 28 1
312 715 1
312 891 1
312 902 1
312 567 1
312 508 1
312 187 1
312 627 1
312 435 1
313 917 1
314 78 1
314 187 1
314 354 1
314 1152 1
314 738 1
314 862 1
316 968 1
316 508 1
316 856 1
318 763 1
318 200 1
318 187 1
318 1058 1
318 1212 1
318 677 1
319 1298 1
319 1281 1
319 1228 1
319 35 1
327 336 1
335 532 1
339 1032 1
340 508 1
344 1271 1
344 553 1
344 93 1
352 444 1
352 534 1
352 1055 1
352 536 1
354 862 1
354 1013 1
354 1164 1
354 738 1
354 314 1
354 78 1
360 805 1
360 1330 1
360 1467 1
360 751 1
360 515 1
360 432 1
360 1287 1
360 164 1
360 1506 1
360 371 1
360 897 1
360 153 1
363 627 1
371 432 1
371 515 1
371 360 1
372 1481 1
377 770 1
379 378 1
379 1040 1
379 338 1
386 1038 1
394 187 1
394 627 1
394 1354 1
395 1465 1
396 615 1
396 867 1
396 579 1
396 693 1
396 187 1
396 488 1
396 1367 1
396 508 1
396 1059 1
398 1298 1
401 857 1
401 781 1
401 937 1
401 187 1
401 763 1
401 988 1
401 715 1
401 311 1
402 594 1
402 896 1
405 435 1
405 477 1
406 622 1
409 88 1
409 577 1
410 168 1
416 95 1
419 432 1
419 577 1
419 133 1
419 281 1
419 314 1
419 541 1
419 781 1
421 1248 1
422 427 1
422 105 1
424 1294 1
425 78 1
425 715 1
425 1248 1
425 1152 1
425 862 1
425 738 1
426 1103 1
426 312 1
427 422 1
427 1195 1
427 1438 1
429 1333 1
431 627 1
432 1506 1
432 515 1
432 153 1
432 635 1
432 768 1
432 1330 1
432 507 1
432 751 1
432 419 1
432 1387 1
432 1396 1
432 1414 1
432 498 1
432 1287 1
432 1017 1
432 860 1
432 360 1
432 1382 1
432 583 1
432 371 1
432 805 1
435 134 1
435 917 1
435 1415 1
435 715 1
435 28 1
435 477 1
435 508 1
435 187 1
435 724 1
435 545 1
435 627 1
435 159 1
435 1412 1
435 1397 1
435 267 1
435 405 1
440 507 1
444 534 1
444 352 1
444 536 1
444 1055 1
447 195 1
451 1419 1
451 1181 1
451 627 1
451 567 1
451 281 1
451 220 1
451 781 1
451 311 1
451 790 1
451 1201 1
451 1478 1
451 1136 1
456 293 1
462 697 1
463 1064 1
466 163 1
466 1157 1
467 169 1
471 508 1
476 231 1
476 576 1
477 545 1
477 917 1
477 435 1
477 1415 1
477 405 1
480 675 1
480 1211 1
482 37 1
483 701 1
484 632 1
484 1270 1
484 1224 1
484 872 1
484 1018 1
484 701 1
484 391 1
487 763 1
488 239 1
488 222 1
488 1186 1
488 396 1
488 508 1
488 930 1
488 545 1
488 776 1
489 1101 1
489 882 1
489 264 1
489 1139 1
489 1492 1
490 394 1
492 1039 1
495 1186 1
498 1017 1
498 583 1
498 176 1
498 515 1
498 1414 1
498 432 1
498 164 1
501 1186 1
502 326 1
505 738 1
507 937 1
507 432 1
507 1064 1
507 1406 1
507 271 1
507 440 1
508 187 1
508 616 1
508 277 1
508 1032 1
508 1426 1
508 488 1
508 113 1
508 88 1
508 1219 1
508 693 1
508 1146 1
508 617 1
508 573 1
508 964 1
508 930 1
508 79 1
508 1288 1
508 1077 1
508 296 1
508 222 1
508 1480 1
508 1275 1
508 1059 1
508 119 1
508 316 1
508 1462 1
508 1156 1
508 312 1
508 891 1
508 1205 1
508 1387 1
508 237 1
508 1335 1
508 1186 1
508 615 1
508 955 1
508 627 1
508 435 1
508 393 1
508 333 1
508 28 1
508 340 1
508 1507 1
508 657 1
508 1148 1
508 985 1
508 471 1
508 1397 1
508 545 1
508 297 1
508 1391 1
508 1127 1
508 396 1
508 1103 1
508 1367 1
508 579 1
508 266 1
513 142 1
513 1206 1
515 371 1
515 164 1
515 1017 1
515 432 1
515 1414 1
515 498 1
520 597 1
523 1211 1
523 1359 1
527 670 1
527 956 1
527 1397 1
532 335 1
533 166 1
534 536 1
534 1055 1
534 352 1
534 444 1
536 1055 1
536 352 1
536 534 1
536 444 1
538 501 1
543 837 1
545 508 1
545 1201 1
545 964 1
545 1186 1
545 652 1
545 28 1
545 682 1
545 968 1
545 402 1
545 187 1
545 239 1
545 1146 1
545 477 1
545 488 1
545 435 1
545 222 1
545 917 1
545 627 1
545 715 1
545 776 1
545 122 1
545 930 1
545 1397 1
549 891 1
551 1326 1
551 187 1
552 115 1
555 318 1
561 1211 1
563 705 1
563 479 1
563 61 1
563 809 1
563 1002 1
567 28 1
567 312 1
567 318 1
567 220 1
567 187 1
567 1419 1
567 451 1
573 508 1
577 937 1
577 314 1
577 409 1
577 133 1
580 1103 1
583 164 1
583 1414 1
583 1017 1
583 432 1
583 498 1
590 187 1
592 1329 1
592 1165 1
592 1222 1
604 617 1
604 1148 1
604 1216 1
604 1204 1
605 1023 1
611 908 1
615 693 1
615 508 1
615 1433 1
615 396 1
615 616 1
616 508 1
616 615 1
617 1148 1
617 836 1
617 1204 1
617 604 1
617 639 1
617 508 1
617 1124 1
617 1216 1
618 113 1
619 937 1
622 775 1
623 941 1
627 1146 1
627 682 1
627 5 1
627 361 1
627 363 1
627 451 1
627 998 1
627 715 1
627 1422 1
627 88 1
627 119 1
627 1191 1
627 435 1
627 166 1
627 427 1
627 187 1
627 431 1
627 616 1
627 669 1
627 1158 1
627 508 1
627 1397 1
628 1158 1
628 627 1
628 427 1
628 1354 1
628 361 1
630 306 1
631 736 1
631 1303 1
631 1427 1
633 1480 1
635 222 1
635 1397 1
635 122 1
636 34 1
639 1204 1
639 1216 1
639 617 1
639 1148 1
639 604 1
643 163 1
644 1102 1
647 910 1
648 775 1
654 1300 1
654 92 1
658 271 1
658 311 1
660 1353 1
660 1343 1
665 545 1
665 811 1
669 627 1
669 701 1
669 545 1
669 803 1
670 527 1
671 1271 1
671 1359 1
675 1211 1
678 1440 1
682 79 1
682 239 1
682 545 1
682 304 1
683 1268 1
684 392 1
693 615 1
694 1018 1
697 1200 1
697 462 1
701 781 1
701 299 1
701 483 1
701 937 1
710 715 1
711 98 1
715 1397 1
715 1158 1
715 435 1
715 311 1
715 1146 1
715 187 1
715 1480 1
715 508 1
715 401 1
715 1349 1
715 1503 1
715 710 1
715 425 1
715 281 1
715 627 1
715 1347 1
715 988 1
715 28 1
717 227 1
717 1167 1
720 1293 1
724 579 1
724 710 1
724 477 1
724 1415 1
724 435 1
724 615 1
724 405 1
724 214 1
727 297 1
732 1455 1
734 1014 1
734 927 1
737 552 1
737 115 1
738 78 1
738 862 1
738 1248 1
738 314 1
738 505 1
738 1152 1
738 281 1
738 425 1
738 354 1
740 679 1
747 1039 1
747 336 1
751 805 1
751 1506 1
751 1017 1
751 432 1
751 176 1
758 1207 1
758 306 1
761 1201 1
763 487 1
763 937 1
763 401 1
763 857 1
763 299 1
768 432 1
768 360 1
770 377 1
771 209 1
772 904 1
772 271 1
772 1040 1
773 683 1
773 1268 1
775 648 1
775 1456 1
776 1186 1
781 857 1
781 633 1
781 354 1
781 314 1
781 862 1
781 1347 1
781 311 1
781 5 1
781 187 1
781 763 1
781 78 1
781 937 1
781 133 1
781 401 1
781 1191 1
781 508 1
781 998 1
789 447 1
789 908 1
790 1136 1
790 1040 1
794 299 1
797 562 1
797 303 1
803 701 1
803 738 1
804 928 1
805 1075 1
805 153 1
805 751 1
805 1506 1
806 1346 1
806 905 1
807 628 1
809 190 1
811 824 1
811 1203 1
811 665 1
811 277 1
812 866 1
813 318 1
823 60 1
823 999 1
823 1200 1
823 12 1
823 701 1
824 187 1
824 811 1
824 1063 1
824 160 1
824 271 1
824 1032 1
825 95 1
827 719 1
829 1167 1
836 617 1
837 543 1
841 214 1
841 1033 1
841 652 1
841 545 1
841 944 1
841 78 1
841 1124 1
841 617 1
842 83 1
846 864 1
846 988 1
848 299 1
848 401 1
852 318 1
852 314 1
852 763 1
852 781 1
852 937 1
856 255 1
856 604 1
856 1148 1
856 1368 1
856 472 1
858 1087 1
861 488 1
861 87 1
861 1306 1
862 78 1
862 781 1
862 354 1
862 425 1
862 281 1
862 738 1
866 812 1
866 627 1
872 1061 1
882 1032 1
882 848 1
891 508 1
891 968 1
891 187 1
891 1146 1
891 1158 1
891 549 1
891 1397 1
891 312 1
891 435 1
891 744 1
891 1015 1
891 964 1
891 1480 1
891 28 1
891 320 1
896 402 1
896 594 1
897 432 1
897 1287 1
897 751 1
897 360 1
897 1506 1
897 805 1
897 153 1
899 457 1
904 187 1
904 1272 1
905 998 1
910 647 1
910 948 1
913 1182 1
917 477 1
917 435 1
917 239 1
917 122 1
917 545 1
917 222 1
917 964 1
927 1014 1
928 804 1
930 488 1
930 1186 1
930 508 1
937 852 1
937 299 1
937 1032 1
937 401 1
937 507 1
937 701 1
937 577 1
937 272 1
937 1159 1
937 763 1
937 998 1
937 1507 1
937 781 1
937 857 1
940 1161 1
941 754 1
941 960 1
941 623 1
946 984 1
947 146 1
948 647 1
948 910 1
955 802 1
955 561 1
955 508 1
956 1397 1
960 941 1
960 623 1
962 534 1
964 974 1
964 140 1
964 1310 1
964 57 1
964 28 1
964 508 1
964 917 1
964 297 1
964 918 1
964 220 1
964 891 1
964 545 1
964 1397 1
964 1146 1
964 187 1
964 79 1
964 1186 1
965 1 1
968 627 1
968 1146 1
968 28 1
968 187 1
968 1158 1
968 297 1
968 1397 1
968 508 1
968 435 1
968 891 1
968 1186 1
968 545 1
968 964 1
968 715 1
968 1434 1
969 233 1
973 1173 1
974 964 1
977 976 1
977 91 1
977 731 1
977 28 1
978 1167 1
982 829 1
982 1073 1
982 1167 1
982 227 1
982 146 1
983 248 1
985 508 1
988 715 1
988 311 1
988 401 1
988 187 1
988 857 1
988 864 1
991 1148 1
998 311 1
998 187 1
998 1347 1
998 627 1
999 622 1
1000 681 1
1001 297 1
1001 897 1
1001 682 1
1001 79 1
1012 1370 1
1013 579 1
1013 1416 1
1013 502 1
1013 354 1
1013 508 1
1013 415 1
1013 657 1
1013 701 1
1014 927 1
1014 41 1
1015 891 1
1016 93 1
1017 515 1
1017 583 1
1017 498 1
1017 751 1
1017 432 1
1017 1414 1
1018 1231 1
1018 694 1
1018 484 1
1019 70 1
1019 99 1
1020 94 1
1021 187 1
1023 605 1
1023 1227 1
1032 763 1
1032 937 1
1033 161 1
1033 841 1
1038 230 1
1038 872 1
1038 1436 1
1038 386 1
1039 492 1
1040 1417 1
1040 1480 1
1041 1148 1
1041 604 1
1042 198 1
1047 194 1
1047 394 1
1055 352 1
1055 534 1
1055 536 1
1055 444 1
1056 606 1
1059 508 1
1060 28 1
1061 1494 1
1063 824 1
1064 463 1
1064 763 1
1064 1177 1
1064 318 1
1064 507 1
1064 314 1
1071 1248 1
1071 78 1
1073 982 1
1075 805 1
1077 508 1
1077 1113 1
1079 1153 1
1080 475 1
1087 858 1
1087 284 1
1093 273 1
1093 1458 1
1093 695 1
1093 1499 1
1093 252 1
1093 740 1
1093 856 1
1093 158 1
1093 328 1
1093 294 1
1093 702 1
1093 31 1
1093 1343 1
1100 1090 1
1100 706 1
1102 644 1
1103 508 1
1103 580 1
1103 627 1
1103 312 1
1105 187 1
1105 28 1
1110 271 1
1111 824 1
1122 637 1
1124 1204 1
1124 617 1
1124 639 1
1124 1148 1
1127 508 1
1130 271 1
1134 1234 1
1136 187 1
1136 451 1
1136 1478 1
1139 223 1
1139 489 1
1141 1204 1
1141 717 1
1141 740 1
1141 1499 1
1146 545 1
1146 968 1
1146 627 1
1146 402 1
1146 1158 1
1146 187 1
1146 297 1
1146 311 1
1146 28 1
1146 964 1
1146 508 1
1146 715 1
1146 65 1
1146 1397 1
1146 1480 1
1146 222 1
1146 361 1
1146 79 1
1146 1487 1
1146 891 1
1148 704 1
1148 639 1
1148 1204 1
1148 848 1
1148 253 1
1148 1041 1
1148 617 1
1148 1216 1
1148 604 1
1148 738 1
1148 1124 1
1148 875 1
1148 381 1
1148 472 1
1148 836 1
1148 470 1
1148 508 1
1152 738 1
1152 1248 1
1152 314 1
1152 331 1
1152 425 1
1152 78 1
1153 1079 1
1153 1060 1
1156 322 1
1156 508 1
1156 1193 1
1156 1337 1
1156 192 1
1158 1146 1
1158 968 1
1158 241 1
1158 297 1
1158 1443 1
1158 28 1
1158 627 1
1159 937 1
1159 781 1
1159 311 1
1161 1222 1
1161 1329 1
1164 1347 1
1164 354 1
1164 187 1
1164 1248 1
1167 978 1
1167 227 1
1167 829 1
1167 717 1
1170 1169 1
1172 90 1
1172 876 1
1172 1332 1
1173 62 1
1175 1397 1
1177 1356 1
1177 1064 1
1177 427 1
1177 1131 1
1177 483 1
1177 876 1
1178 25 1
1179 271 1
1182 913 1
1184 19 1
1184 17 1
1186 495 1
1186 239 1
1186 214 1
1186 508 1
1186 776 1
1186 293 1
1186 122 1
1186 501 1
1186 627 1
1186 930 1
1186 1199 1
1186 347 1
1186 79 1
1186 964 1
1186 545 1
1186 488 1
1186 222 1
1186 1397 1
1190 1326 1
1191 5 1
1191 937 1
1194 1168 1
1194 150 1
1195 985 1
1195 882 1
1195 427 1
1195 447 1
1195 508 1
1196 200 1
1198 753 1
1199 1186 1
1199 214 1
1199 239 1
1200 1192 1
1201 1356 1
1201 402 1
1201 220 1
1201 111 1
1201 1419 1
1201 761 1
1201 545 1
1201 451 1
1201 627 1
1201 1166 1
1201 1422 1
1203 811 1
1204 1216 1
1204 1148 1
1205 508 1
1206 513 1
1207 226 1
1207 758 1
1211 480 1
1211 561 1
1211 225 1
1211 523 1
1211 1359 1
1211 675 1
1211 1247 1
1216 617 1
1216 1204 1
1219 508 1
1219 28 1
1219 625 1
1219 1334 1
1222 592 1
1222 1329 1
1222 1165 1
1222 1161 1
1222 1242 1
1225 146 1
1227 1023 1
1227 605 1
1228 319 1
1228 1347 1
1231 1334 1
1231 1504 1
1231 94 1
1231 1018 1
1242 1222 1
1243 114 1
1248 1071 1
1248 78 1
1248 790 1
1248 281 1
1248 361 1
1248 1152 1
1248 738 1
1248 425 1
1248 427 1
1248 421 1
1248 314 1
1248 1164 1
1251 94 1
1251 1088 1
1254 998 1
1254 1146 1
1261 1359 1
1268 174 1
1268 683 1
1268 773 1
1271 344 1
1272 904 1
1274 531 1
1275 882 1
1275 508 1
1275 1202 1
1277 831 1
1277 240 1
1277 985 1
1277 1343 1
1277 113 1
1277 1504 1
1280 271 1
1281 319 1
1287 805 1
1287 153 1
1287 360 1
1287 432 1
1287 1330 1
1287 283 1
1287 897 1
1287 1506 1
1287 164 1
1287 371 1
1287 515 1
1287 1467 1
1288 319 1
1288 508 1
1288 627 1
1291 323 1
1291 94 1
1294 424 1
1297 1499 1
1297 160 1
1297 488 1
1298 398 1
1300 92 1
1305 1185 1
1305 1499 1
1306 625 1
1320 146 1
1324 1354 1
1326 187 1
1326 1190 1
1326 551 1
1328 723 1
1328 1359 1
1329 1222 1
1330 1287 1
1330 1017 1
1330 153 1
1330 432 1
1331 994 1
1332 28 1
1332 615 1
1332 876 1
1332 844 1
1332 1078 1
1332 508 1
1332 1167 1
1332 680 1
1332 1207 1
1332 90 1
1333 429 1
1335 1031 1
1335 508 1
1335 945 1
1337 1156 1
1341 1365 1
1341 1503 1
1341 260 1
1343 113 1
1345 1405 1
1347 715 1
1347 998 1
1347 311 1
1349 187 1
1354 1324 1
1354 394 1
1354 628 1
1354 145 1
1356 1397 1
1358 1386 1
1358 872 1
1359 1328 1
1359 523 1
1359 1211 1
1360 590 1
1360 187 1
1365 1503 1
1365 1341 1
1368 856 1
1370 1012 1
1370 318 1
1370 221 1
1378 1376 1
1378 34 1
1386 824 1
1387 432 1
1387 508 1
1391 1335 1
1391 508 1
1394 301 1
1397 1175 1
1397 187 1
1397 1356 1
1397 715 1
1397 635 1
1397 1146 1
1397 545 1
1397 508 1
1397 527 1
1397 964 1
1397 28 1
1397 222 1
1397 956 1
1397 1480 1
1397 1431 1
1397 435 1
1397 159 1
1397 1186 1
1397 627 1
1397 297 1
1401 739 1
1401 577 1
1401 463 1
1402 1410 1
1405 50 1
1405 1345 1
1405 3 1
1405 508 1
1406 440 1
1406 507 1
1409 1410 1
1410 1402 1
1411 1074 1
1412 435 1
1412 682 1
1414 108 1
1414 583 1
1414 498 1
1414 515 1
1414 432 1
1414 1017 1
1414 164 1
1415 477 1
1415 435 1
1416 1465 1
1417 1040 1
1419 1201 1
1419 567 1
1419 220 1
1419 451 1
1421 1372 1
1423 1015 1
1423 1241 1
1423 1271 1
1426 508 1
1431 1397 1
1434 241 1
1434 28 1
1434 968 1
1434 187 1
1436 1038 1
1438 427 1
1442 432 1
1443 1158 1
1457 553 1
1457 662 1
1457 447 1
1458 1093 1
1462 508 1
1463 882 1
1465 1416 1
1465 395 1
1465 299 1
1465 937 1
1467 1506 1
1467 371 1
1467 1287 1
1468 978 1
1468 1491 1
1468 1497 1
1468 383 1
1477 284 1
1478 791 1
1478 1136 1
1478 187 1
1478 1181 1
1479 1359 1
1480 633 1
1480 187 1
1480 1040 1
1480 1146 1
1480 28 1
1480 508 1
1480 715 1
1480 435 1
1487 1146 1
1490 109 1
1492 489 1
1493 1359 1
1493 1038 1
1493 523 1
1494 1061 1
1503 260 1
1503 715 1
1503 187 1
1503 1341 1
1503 220 1
1503 165 1
1506 371 1
1506 751 1
1506 1467 1
1506 1287 1
1506 432 1
1506 805 1
1506 360 1
1507 1186 1
1507 508 1
1507 937 1
1509 1312 1
1509 245 1
1509 1054 1
1509 1076 1
1511 205 1
1511 627 1
1511 1304 1
1511 426 1
1511 189 1
1512 1268 1
1512 441 1
1513 724 1
1513 567 1
1513 313 1
1514 1297 1
1514 1473 1
1514 1200 1
1514 275 1
1514 1468 1
1514 1162 1
1514 628 1
1514 339 1
1514 1193 1
1514 1001 1
1514 438 1
1514 36 1
1514 526 1
1515 605 1
1515 1264 1
1515 615 1
1515 1424 1
1515 1192 1
1515 1416 1
1516 543 1
1516 596 1
1516 1248 1
1516 1268 1
1516 922 1
1517 281 1
1517 1044 1
1517 1138 1
1517 616 1
1518 113 1
1518 125 1
1518 652 1
1518 863 1
1518 959 1
1518 742 1
1518 497 1
1518 1305 1
1518 383 1
1518 822 1
1518 932 1
1518 486 1
1518 332 1
1519 533 1
1519 810 1
1519 1014 1
1519 1102 1
1519 773 1
1519 419 1
1519 181 1
1519 1119 1
1519 615 1
1519 618 1
1519 70 1
1520 1294 1
1520 1208 1
1520 1035 1
1520 513 1
1520 79 1
1520 313 1
1520 619 1
1521 1274 1
1521 241 1
1521 966 1
1521 312 1
1521 858 1
1521 1499 1
1521 1441 1
1521 762 1
1521 780 1
1522 106 1
1522 333 1
1522 860 1
1522 29 1
1522 1174 1
1522 8 1
1522 1255 1
1522 665 1
1522 602 1
1522 887 1
1522 738 1
1522 1210 1
1522 68 1
1522 781 1
1522 1472 1
1522 606 1
1522 893 1
1522 840 1
1523 1294 1
1523 270 1
1523 658 1
1523 99 1
1523 1389 1
1524 799 1
1525 406 1
1525 1474 1
1526 1053 1
1526 1247 1
1526 1354 1
1526 357 1
1526 740 1
1526 258 1
1526 470 1
1527 507 1
1527 1488 1
1527 1494 1
1527 566 1
1527 713 1
1528 735 1
1528 934 1
1528 59 1
1528 434 1
1528 270 1
1528 1275 1
1528 1050 1
1529 1344 1
1529 1234 1
1529 883 1
1529 1170 1
1530 337 1
1530 749 1
1530 715 1
1531 224 1
1531 1340 1
1532 1441 1
1533 1007 1
1533 759 1
1533 991 1
1533 1142 1
1534 348 1
1534 831 1
1534 495 1
1534 1491 1
1534 692 1
1534 409 1
1534 902 1
1534 1413 1
1534 723 1
1534 1275 1
1535 678 1
1535 1467 1
1535 1104 1
1535 1143 1
1536 1395 1
1536 634 1
1536 205 1
1536 812 1
1537 772 1
1537 409 1
1537 407 1
1538 758 1
1538 473 1
1538 65 1
1538 264 1
1538 410 1
1538 852 1
1538 1065 1
1538 1222 1
1538 1077 1
1539 146 1
1539 1358 1
1539 804 1
1539 515 1
1539 1222 1
1539 79 1
1539 1351 1
1539 288 1
1539 73 1
1539 838 1
1539 335 1
1539 26 1
1540 193 1
1540 748 1
1540 1071 1
1540 1380 1
1540 1378 1
1540 799 1
1540 927 1
1540 1141 1
1540 479 1
1540 47 1
1540 981 1
1540 765 1
1541 633 1
1541 83 1
1541 741 1
1541 1099 1
1541 704 1
1541 117 1
1541 1295 1
1541 1055 1
1541 1322 1
1541 414 1
1542 802 1
1542 1116 1
1542 1447 1
1542 878 1
1543 769 1
1543 238 1
1543 998 1
1543 736 1
1543 518 1
1544 1239 1
1544 1084 1
1544 1340 1
1544 647 1
1544 1336 1
1544 1263 1
1544 393 1
1544 146 1
1544 656 1
1544 509 1
1544 899 1
1545 1467 1
1545 988 1
1545 1121 1
1545 1500 1
1545 457 1
1545 1232 1
1547 407 1
1547 467 1
1547 667 1
1547 750 1
1547 1399 1
1547 214 1
1547 101 1
1547 1345 1
1547 529 1
1548 1232 1
1548 1014 1
1548 207 1
1548 894 1
1548 1487 1
1548 342 1
1549 869 1
1550 547 1
1550 276 1
1550 966 1
1550 436 1
1550 1332 1
1550 1153 1
1550 440 1
1550 1508 1
1550 1478 1
1551 1010 1
1551 1232 1
1551 1301 1
1551 834 1
1551 18 1
1552 131 1
1552 1455 1
1552 603 1
1552 1505 1
1553 1011 1
1553 65 1
1553 1107 1
1553 1481 1
1553 331 1
1553 1079 1
1554 1342 1
1554 565 1
1555 310 1
1555 1489 1
1556 1329 1
1556 1347 1
1556 1103 1
1557 223 1
1557 195 1
1557 893 1
1557 48 1
1559 675 1
1559 1330 1
1559 417 1
1559 1260 1
1559 1070 1
1559 1035 1
1559 1245 1
1559 1200 1
1560 357 1
1560 1006 1
1560 54 1
1560 71 1
1560 685 1
1561 1033 1
1561 962 1
1561 1021 1
1561 314 1
1561 298 1
1561 639 1
1562 1171 1
1563 125 1
1563 1106 1
1563 579 1
1564 646 1
1564 626 1
1564 696 1
1564 689 1
1564 231 1
1564 514 1
1564 902 1
1564 1031 1
1564 1322 1
1564 816 1
1564 1392 1
1564 104 1
1564 906 1
1564 754 1
1565 127 1
1565 359 1
1565 304 1
1565 1272 1
1565 358 1
1565 124 1
1565 642 1
1566 1195 1
1566 771 1
1566 794 1
1566 946 1
1566 865 1
1566 1165 1
1566 1246 1
1566 153 1
1567 1350 1
1567 2 1
1567 734 1
1567 751 1
1567 1063 1
1567 502 1
1568 1495 1
1568 35 1
1568 528 1
1568 89 1
1568 495 1
1568 4 1
1568 532 1
1568 1231 1
1568 1108 1
1569 83 1
1569 1079 1
1569 869 1
1569 1152 1
1569 833 1
1569 963 1
1569 705 1
1569 1121 1
1570 1260 1
1570 1465 1
1570 39 1
1570 1127 1
1570 565 1
1570 306 1
1571 722 1
1571 644 1
1572 625 1
1572 1434 1
1572 1355 1
1572 370 1
1572 676 1
1572 1497 1
1572 854 1
1572 1140 1
1572 1463 1
1572 1110 1
1572 365 1
1572 850 1
1573 332 1
1573 428 1
1574 646 1
1574 839 1
1574 564 1
1575 1453 1
1575 812 1
1575 496 1
1576 1054 1
1576 53 1
1576 229 1
1576 864 1
1576 75 1
1576 1461 1
1576 429 1
1576 1098 1
1577 743 1
1577 752 1
1577 714 1
1578 143 1
1578 1110 1
1578 1092 1
1579 1383 1
1579 1147 1
1579 60 1
1579 977 1
1579 129 1
1579 987 1
1579 693 1
1579 1423 1
1579 255 1
1580 480 1
1581 255 1
1581 1303 1
1582 1376 1
1582 910 1
1582 950 1
1582 1500 1
1582 620 1
1582 1154 1
1582 1437 1
1582 1110 1
1582 1468 1
1582 1301 1
1582 67 1
1583 1329 1
1583 844 1
1583 53 1
1583 1217 1
1583 23 1
1583 36 1
1583 371 1
1583 1248 1
1583 1450 1
1584 1091 1
1584 291 1
1584 775 1
1584 686 1
1584 1045 1
1584 362 1
1584 1384 1
1584 906 1
1584 1138 1
1585 180 1
1585 1196 1
1585 1238 1
1585 110 1
1585 399 1
1585 1001 1
1585 51 1
1585 40 1
1585 268 1
1585 1470 1
1585 1029 1
1585 1255 1
1586 439 1
1586 4 1
1586 1108 1
1586 207 1
1586 179 1
1586 1048 1
1586 567 1
1586 156 1
1586 1033 1
1586 812 1
1586 1356 1
1586 945 1
1587 1188 1
1587 1128 1
1587 1426 1
1588 558 1
1588 393 1
1588 546 1
1588 1159 1
1588 792 1
1588 1128 1
1588 754 1
1588 346 1
1588 102 1
1589 1192 1
1589 507 1
1589 42 1
1589 95 1
1589 532 1
1589 96 1
1589 1171 1
1589 797 1
1590 1451 1
1591 1005 1
1592 644 1
1592 599 1
1592 1408 1
1592 441 1
1592 90 1
1592 883 1
1592 1141 1
1592 135 1
1592 167 1
1592 1299 1
1593 517 1
1594 1374 1
1594 1095 1
1594 341 1
1594 304 1
1595 1159 1
1596 1294 1
1596 42 1
1596 596 1
1596 536 1
1596 201 1
1596 939 1
1597 311 1
1597 1371 1
1597 334 1
1597 846 1
1597 582 1
1597 81 1
1597 462 1
