1 965 103 
5 1191 
11 233 
14 651 882 1238 
15 300 508 
17 1184 
19 1440 1184 
25 1178 59 
26 73 
28 964 297 1105 1397 435 891 1060 1349 988 1434 402 545 1158 1146 508 968 128 1480 567 715 187 627 
34 1376 636 
35 319 1228 
37 482 271 794 
46 1032 
50 1405 
56 238 
57 964 
59 25 732 774 
60 181 262 
62 1173 408 1273 
65 1146 
73 26 
77 290 
78 1152 738 1071 1248 187 314 425 354 862 841 781 281 
79 508 682 1186 627 964 
82 207 
84 1054 
85 42 
87 861 
88 128 402 508 409 297 1286 627 
89 108 
93 1494 
94 1251 1291 1231 1020 95 
95 94 
98 187 711 
102 1504 367 
108 1414 498 
109 1490 
113 508 1343 
115 737 552 
119 508 627 
128 297 1159 1413 28 88 
134 435 
140 964 
142 513 1206 
145 22 263 1354 
148 342 
153 1287 897 371 1330 360 432 805 
160 299 824 271 1297 
161 1397 1033 
162 1434 
163 643 
164 583 498 1414 751 360 515 432 1287 
165 187 
166 627 
167 1215 629 
173 871 
181 262 60 
187 1478 220 494 1021 508 904 1419 715 590 311 964 165 1397 1503 98 1360 401 988 477 28 781 1349 1326 551 149 490 1105 396 78 627 1136 1480 306 1434 435 
190 1283 809 
191 299 
192 1156 
195 447 
198 1042 
199 506 
200 1196 394 318 
207 82 
209 5 
212 1056 
214 1199 1186 
216 1241 
219 824 
220 187 1419 
221 937 577 314 272 781 
222 508 1146 488 1397 635 
226 1207 447 456 344 195 
227 717 1167 
230 872 1038 
231 476 
237 508 
239 1186 776 917 488 545 682 
241 1434 1158 
243 1077 
248 983 
253 297 
255 1504 102 553 856 
260 1341 187 1503 
262 181 60 
266 508 
267 435 1416 
268 961 926 124 
271 1110 1130 299 570 1179 507 
272 937 221 
277 811 508 
280 717 
281 1248 78 627 354 314 5 1354 187 738 781 1301 862 451 715 1191 
283 1287 1173 
284 701 937 738 1397 1480 
290 77 
296 508 
297 128 435 964 508 968 1158 253 187 159 88 1146 28 409 1397 1354 
299 271 1465 160 848 794 309 763 701 191 937 
300 15 
303 797 
304 682 
305 225 1211 
306 904 187 1272 630 
309 299 1191 
311 781 998 401 187 1347 281 425 857 
312 28 715 891 902 567 508 187 627 435 
313 917 
314 78 187 354 1152 738 862 
316 968 508 856 
318 763 200 187 1058 1212 677 
319 1298 1281 1228 35 
327 336 
335 532 
339 1032 
340 508 
344 1271 553 93 
352 444 534 1055 536 
354 862 1013 1164 738 314 78 
360 805 1330 1467 751 515 432 1287 164 1506 371 897 153 
363 627 
371 432 515 360 
372 1481 
377 770 
379 378 1040 338 
386 1038 
394 187 627 1354 
395 1465 
396 615 867 579 693 187 488 1367 508 1059 
398 1298 
401 857 781 937 187 763 988 715 311 
402 594 896 
405 435 477 
406 622 
409 88 577 
410 168 
416 95 
419 432 577 133 281 314 541 781 
421 1248 
422 427 105 
424 1294 
425 78 715 1248 1152 862 738 
426 1103 312 
427 422 1195 1438 
429 1333 
431 627 
432 1506 515 153 635 768 1330 507 751 419 1387 1396 1414 498 1287 1017 860 360 1382 583 371 805 
435 134 917 1415 715 28 477 508 187 724 545 627 159 1412 1397 267 405 
440 507 
444 534 352 536 1055 
447 195 
451 1419 1181 627 567 281 220 781 311 790 1201 1478 1136 
456 293 
462 697 
463 1064 
466 163 1157 
467 169 
471 508 
476 231 576 
477 545 917 435 1415 405 
480 675 1211 
482 37 
483 701 
484 632 1270 1224 872 1018 701 391 
487 763 
488 239 222 1186 396 508 930 545 776 
489 1101 882 264 1139 1492 
490 394 
492 1039 
495 1186 
498 1017 583 176 515 1414 432 164 
501 1186 
502 326 
505 738 
507 937 432 1064 1406 271 440 
508 187 616 277 1032 1426 488 113 88 1219 693 1146 617 573 964 930 79 1288 1077 296 222 1480 1275 1059 119 316 1462 1156 312 891 1205 1387 237 1335 1186 615 955 627 435 393 333 28 340 1507 657 1148 985 471 1397 545 297 1391 1127 396 1103 1367 579 266 
513 142 1206 
515 371 164 1017 432 1414 498 
520 597 
523 1211 1359 
527 670 956 1397 
532 335 
533 166 
534 536 1055 352 444 
536 1055 352 534 444 
538 501 
543 837 
545 508 1201 964 1186 652 28 682 968 402 187 239 1146 477 488 435 222 917 627 715 776 122 930 1397 
549 891 
551 1326 187 
552 115 
555 318 
561 1211 
563 705 479 61 809 1002 
567 28 312 318 220 187 1419 451 
573 508 
577 937 314 409 133 
580 1103 
583 164 1414 1017 432 498 
590 187 
592 1329 1165 1222 
604 617 1148 1216 1204 
605 1023 
611 908 
615 693 508 1433 396 616 
616 508 615 
617 1148 836 1204 604 639 508 1124 1216 
618 113 
619 937 
622 775 
623 941 
627 1146 682 5 361 363 451 998 715 1422 88 119 1191 435 166 427 187 431 616 669 1158 508 1397 
628 1158 627 427 1354 361 
630 306 
631 736 1303 1427 
633 1480 
635 222 1397 122 
636 34 
639 1204 1216 617 1148 604 
643 163 
644 1102 
647 910 
648 775 
654 1300 92 
658 271 311 
660 1353 1343 
665 545 811 
669 627 701 545 803 
670 527 
671 1271 1359 
675 1211 
678 1440 
682 79 239 545 304 
683 1268 
684 392 
693 615 
694 1018 
697 1200 462 
701 781 299 483 937 
710 715 
711 98 
715 1397 1158 435 311 1146 187 1480 508 401 1349 1503 710 425 281 627 1347 988 28 
717 227 1167 
720 1293 
724 579 710 477 1415 435 615 405 214 
727 297 
732 1455 
734 1014 927 
737 552 115 
738 78 862 1248 314 505 1152 281 425 354 
740 679 
747 1039 336 
751 805 1506 1017 432 176 
758 1207 306 
761 1201 
763 487 937 401 857 299 
768 432 360 
770 377 
771 209 
772 904 271 1040 
773 683 1268 
775 648 1456 
776 1186 
781 857 633 354 314 862 1347 311 5 187 763 78 937 133 401 1191 508 998 
789 447 908 
790 1136 1040 
794 299 
797 562 303 
803 701 738 
804 928 
805 1075 153 751 1506 
806 1346 905 
807 628 
809 190 
811 824 1203 665 277 
812 866 
813 318 
823 60 999 1200 12 701 
824 187 811 1063 160 271 1032 
825 95 
827 719 
829 1167 
836 617 
837 543 
841 214 1033 652 545 944 78 1124 617 
842 83 
846 864 988 
848 299 401 
852 318 314 763 781 937 
856 255 604 1148 1368 472 
858 1087 
861 488 87 1306 
862 78 781 354 425 281 738 
866 812 627 
872 1061 
882 1032 848 
891 508 968 187 1146 1158 549 1397 312 435 744 1015 964 1480 28 320 
896 402 594 
897 432 1287 751 360 1506 805 153 
899 457 
904 187 1272 
905 998 
910 647 948 
913 1182 
917 477 435 239 122 545 222 964 
927 1014 
928 804 
930 488 1186 508 
937 852 299 1032 401 507 701 577 272 1159 763 998 1507 781 857 
940 1161 
941 754 960 623 
946 984 
947 146 
948 647 910 
955 802 561 508 
956 1397 
960 941 623 
962 534 
964 974 140 1310 57 28 508 917 297 918 220 891 545 1397 1146 187 79 1186 
965 1 
968 627 1146 28 187 1158 297 1397 508 435 891 1186 545 964 715 1434 
969 233 
973 1173 
974 964 
977 976 91 731 28 
978 1167 
982 829 1073 1167 227 146 
983 248 
985 508 
988 715 311 401 187 857 864 
991 1148 
998 311 187 1347 627 
999 622 
1000 681 
1001 297 897 682 79 
1012 1370 
1013 579 1416 502 354 508 415 657 701 
1014 927 41 
1015 891 
1016 93 
1017 515 583 498 751 432 1414 
1018 1231 694 484 
1019 70 99 
1020 94 
1021 187 
1023 605 1227 
1032 763 937 
1033 161 841 
1038 230 872 1436 386 
1039 492 
1040 1417 1480 
1041 1148 604 
1042 198 
1047 194 394 
1055 352 534 536 444 
1056 606 
1059 508 
1060 28 
1061 1494 
1063 824 
1064 463 763 1177 318 507 314 
1071 1248 78 
1073 982 
1075 805 
1077 508 1113 
1079 1153 
1080 475 
1087 858 284 
1093 273 1458 695 1499 252 740 856 158 328 294 702 31 1343 
1100 1090 706 
1102 644 
1103 508 580 627 312 
1105 187 28 
1110 271 
1111 824 
1122 637 
1124 1204 617 639 1148 
1127 508 
1130 271 
1134 1234 
1136 187 451 1478 
1139 223 489 
1141 1204 717 740 1499 
1146 545 968 627 402 1158 187 297 311 28 964 508 715 65 1397 1480 222 361 79 1487 891 
1148 704 639 1204 848 253 1041 617 1216 604 738 1124 875 381 472 836 470 508 
1152 738 1248 314 331 425 78 
1153 1079 1060 
1156 322 508 1193 1337 192 
1158 1146 968 241 297 1443 28 627 
1159 937 781 311 
1161 1222 1329 
1164 1347 354 187 1248 
1167 978 227 829 717 
1170 1169 
1172 90 876 1332 
1173 62 
1175 1397 
1177 1356 1064 427 1131 483 876 
1178 25 
1179 271 
1182 913 
1184 19 17 
1186 495 239 214 508 776 293 122 501 627 930 1199 347 79 964 545 488 222 1397 
1190 1326 
1191 5 937 
1194 1168 150 
1195 985 882 427 447 508 
1196 200 
1198 753 
1199 1186 214 239 
1200 1192 
1201 1356 402 220 111 1419 761 545 451 627 1166 1422 
1203 811 
1204 1216 1148 
1205 508 
1206 513 
1207 226 758 
1211 480 561 225 523 1359 675 1247 
1216 617 1204 
1219 508 28 625 1334 
1222 592 1329 1165 1161 1242 
1225 146 
1227 1023 605 
1228 319 1347 
1231 1334 1504 94 1018 
1242 1222 
1243 114 
1248 1071 78 790 281 361 1152 738 425 427 421 314 1164 
1251 94 1088 
1254 998 1146 
1261 1359 
1268 174 683 773 
1271 344 
1272 904 
1274 531 
1275 882 508 1202 
1277 831 240 985 1343 113 1504 
1280 271 
1281 319 
1287 805 153 360 432 1330 283 897 1506 164 371 515 1467 
1288 319 508 627 
1291 323 94 
1294 424 
1297 1499 160 488 
1298 398 
1300 92 
1305 1185 1499 
1306 625 
1320 146 
1324 1354 
1326 187 1190 551 
1328 723 1359 
1329 1222 
1330 1287 1017 153 432 
1331 994 
1332 28 615 876 844 1078 508 1167 680 1207 90 
1333 429 
1335 1031 508 945 
1337 1156 
1341 1365 1503 260 
1343 113 
1345 1405 
1347 715 998 311 
1349 187 
1354 1324 394 628 145 
1356 1397 
1358 1386 872 
1359 1328 523 1211 
1360 590 187 
1365 1503 1341 
1368 856 
1370 1012 318 221 
1378 1376 34 
1386 824 
1387 432 508 
1391 1335 508 
1394 301 
1397 1175 187 1356 715 635 1146 545 508 527 964 28 222 956 1480 1431 435 159 1186 627 297 
1401 739 577 463 
1402 1410 
1405 50 1345 3 508 
1406 440 507 
1409 1410 
1410 1402 
1411 1074 
1412 435 682 
1414 108 583 498 515 432 1017 164 
1415 477 435 
1416 1465 
1417 1040 
1419 1201 567 220 451 
1421 1372 
1423 1015 1241 1271 
1426 508 
1431 1397 
1434 241 28 968 187 
1436 1038 
1438 427 
1442 432 
1443 1158 
1457 553 662 447 
1458 1093 
1462 508 
1463 882 
1465 1416 395 299 937 
1467 1506 371 1287 
1468 978 1491 1497 383 
1477 284 
1478 791 1136 187 1181 
1479 1359 
1480 633 187 1040 1146 28 508 715 435 
1487 1146 
1490 109 
1492 489 
1493 1359 1038 523 
1494 1061 
1503 260 715 187 1341 220 165 
1506 371 751 1467 1287 432 805 360 
1507 1186 508 937 
2 
3 
4 
6 
7 
8 
9 
10 
12 
13 
16 
18 
20 
21 
22 
23 
24 
27 
29 
30 
31 
32 
33 
36 
38 
39 
40 
41 
42 
43 
44 
45 
47 
48 
49 
51 
52 
53 
54 
55 
58 
61 
63 
64 
66 
67 
68 
69 
70 
71 
72 
74 
75 
76 
80 
81 
83 
86 
90 
91 
92 
96 
97 
99 
100 
101 
103 
104 
105 
106 
107 
110 
111 
112 
114 
116 
117 
118 
120 
121 
122 
123 
124 
125 
126 
127 
129 
130 
131 
132 
133 
135 
136 
137 
138 
139 
141 
143 
144 
146 
147 
149 
150 
151 
152 
154 
155 
156 
157 
158 
159 
168 
169 
170 
171 
172 
174 
175 
176 
177 
178 
179 
180 
182 
183 
184 
185 
186 
188 
189 
193 
194 
196 
197 
201 
202 
203 
204 
205 
206 
208 
210 
211 
213 
215 
217 
218 
223 
224 
225 
228 
229 
232 
233 
234 
235 
236 
238 
240 
242 
244 
245 
246 
247 
249 
250 
251 
252 
254 
256 
257 
258 
259 
261 
263 
264 
265 
269 
270 
273 
274 
275 
276 
278 
279 
282 
285 
286 
287 
288 
289 
291 
292 
293 
294 
295 
298 
301 
302 
307 
308 
310 
315 
317 
320 
321 
322 
323 
324 
325 
326 
328 
329 
330 
331 
332 
333 
334 
336 
337 
338 
341 
342 
343 
345 
346 
347 
348 
349 
350 
351 
353 
355 
356 
357 
358 
359 
361 
362 
364 
365 
366 
367 
368 
369 
370 
373 
374 
375 
376 
378 
380 
381 
382 
383 
384 
385 
387 
388 
389 
390 
391 
392 
393 
397 
399 
400 
403 
404 
407 
408 
411 
412 
413 
414 
415 
417 
418 
420 
423 
428 
430 
433 
434 
436 
437 
438 
439 
441 
442 
443 
445 
446 
448 
449 
450 
452 
453 
454 
455 
457 
458 
459 
460 
461 
464 
465 
468 
469 
470 
472 
473 
474 
475 
478 
479 
481 
485 
486 
491 
493 
494 
496 
497 
499 
500 
503 
504 
506 
509 
510 
511 
512 
514 
516 
517 
518 
519 
521 
522 
524 
525 
526 
528 
529 
530 
531 
535 
537 
539 
540 
541 
542 
544 
546 
547 
548 
550 
553 
554 
556 
557 
558 
559 
560 
562 
564 
565 
566 
568 
569 
570 
571 
572 
574 
575 
576 
578 
579 
581 
582 
584 
585 
586 
587 
588 
589 
591 
593 
594 
595 
596 
597 
598 
599 
600 
601 
602 
603 
606 
607 
608 
609 
610 
612 
613 
614 
620 
621 
624 
625 
626 
629 
632 
634 
637 
638 
640 
641 
642 
645 
646 
649 
650 
651 
652 
653 
655 
656 
657 
659 
661 
662 
663 
664 
666 
667 
668 
672 
673 
674 
676 
677 
679 
680 
681 
685 
686 
687 
688 
689 
690 
691 
692 
695 
696 
698 
699 
700 
702 
703 
704 
705 
706 
707 
708 
709 
712 
713 
714 
716 
718 
719 
721 
722 
723 
725 
726 
728 
729 
730 
731 
733 
735 
736 
739 
741 
742 
743 
744 
745 
746 
748 
749 
750 
752 
753 
754 
755 
756 
757 
759 
760 
762 
764 
765 
766 
767 
769 
774 
777 
778 
779 
780 
782 
783 
784 
785 
786 
787 
788 
791 
792 
793 
795 
796 
798 
799 
800 
801 
802 
808 
810 
814 
815 
816 
817 
818 
819 
820 
821 
822 
826 
828 
830 
831 
832 
833 
834 
835 
838 
839 
840 
843 
844 
845 
847 
849 
850 
851 
853 
854 
855 
857 
859 
860 
863 
864 
865 
867 
868 
869 
870 
871 
873 
874 
875 
876 
877 
878 
879 
880 
881 
883 
884 
885 
886 
887 
888 
889 
890 
892 
893 
894 
895 
898 
900 
901 
902 
903 
906 
907 
908 
909 
911 
912 
914 
915 
916 
918 
919 
920 
921 
922 
923 
924 
925 
926 
929 
931 
932 
933 
934 
935 
936 
938 
939 
942 
943 
944 
945 
949 
950 
951 
952 
953 
954 
957 
958 
959 
961 
963 
966 
967 
970 
971 
972 
975 
976 
979 
980 
981 
984 
986 
987 
989 
990 
992 
993 
994 
995 
996 
997 
1002 
1003 
1004 
1005 
1006 
1007 
1008 
1009 
1010 
1011 
1022 
1024 
1025 
1026 
1027 
1028 
1029 
1030 
1031 
1034 
1035 
1036 
1037 
1043 
1044 
1045 
1046 
1048 
1049 
1050 
1051 
1052 
1053 
1054 
1057 
1058 
1062 
1065 
1066 
1067 
1068 
1069 
1070 
1072 
1074 
1076 
1078 
1081 
1082 
1083 
1084 
1085 
1086 
1088 
1089 
1090 
1091 
1092 
1094 
1095 
1096 
1097 
1098 
1099 
1101 
1104 
1106 
1107 
1108 
1109 
1112 
1113 
1114 
1115 
1116 
1117 
1118 
1119 
1120 
1121 
1123 
1125 
1126 
1128 
1129 
1131 
1132 
1133 
1135 
1137 
1138 
1140 
1142 
1143 
1144 
1145 
1147 
1149 
1150 
1151 
1154 
1155 
1157 
1160 
1162 
1163 
1165 
1166 
1168 
1169 
1171 
1174 
1176 
1180 
1181 
1183 
1185 
1187 
1188 
1189 
1192 
1193 
1197 
1202 
1208 
1209 
1210 
1212 
1213 
1214 
1215 
1217 
1218 
1220 
1221 
1223 
1224 
1226 
1229 
1230 
1232 
1233 
1234 
1235 
1236 
1237 
1238 
1239 
1240 
1241 
1244 
1245 
1246 
1247 
1249 
1250 
1252 
1253 
1255 
1256 
1257 
1258 
1259 
1260 
1262 
1263 
1264 
1265 
1266 
1267 
1269 
1270 
1273 
1276 
1278 
1279 
1282 
1283 
1284 
1285 
1286 
1289 
1290 
1292 
1293 
1295 
1296 
1299 
1301 
1302 
1303 
1304 
1307 
1308 
1309 
1310 
1311 
1312 
1313 
1314 
1315 
1316 
1317 
1318 
1319 
1321 
1322 
1323 
1325 
1327 
1334 
1336 
1338 
1339 
1340 
1342 
1344 
1346 
1348 
1350 
1351 
1352 
1353 
1355 
1357 
1361 
1362 
1363 
1364 
1366 
1367 
1369 
1371 
1372 
1373 
1374 
1375 
1376 
1377 
1379 
1380 
1381 
1382 
1383 
1384 
1385 
1388 
1389 
1390 
1392 
1393 
1395 
1396 
1398 
1399 
1400 
1403 
1404 
1407 
1408 
1413 
1418 
1420 
1422 
1424 
1425 
1427 
1428 
1429 
1430 
1432 
1433 
1435 
1437 
1439 
1440 
1441 
1444 
1445 
1446 
1447 
1448 
1449 
1450 
1451 
1452 
1453 
1454 
1455 
1456 
1459 
1460 
1461 
1464 
1466 
1469 
1470 
1471 
1472 
1473 
1474 
1475 
1476 
1481 
1482 
1483 
1484 
1485 
1486 
1488 
1489 
1491 
1495 
1496 
1497 
1498 
1499 
1500 
1501 
1502 
1504 
1505 
1508 
